13:19:11,28.0,75.0,0.0,0.0
13:19:12,28.0,75.0,0.0,0.0
13:19:12,28.0,75.0,0.0,0.0
13:19:13,28.0,75.0,0.0,0.0
13:19:13,28.0,75.0,0.0,0.0
13:19:14,28.0,75.0,0.0,0.0
13:19:15,28.0,75.0,0.0,0.0
13:19:15,28.0,75.0,0.0,0.0
13:19:16,28.0,74.0,0.0,0.0
13:19:17,28.0,74.0,0.0,0.0
13:19:17,28.0,74.0,0.0,0.0
13:19:18,28.0,74.0,0.0,0.0
13:19:18,28.0,74.0,0.0,0.0
13:19:19,28.0,74.0,0.0,0.0
13:19:20,28.0,74.0,0.0,0.0
13:19:20,28.0,74.0,0.0,0.0
13:19:21,28.0,74.0,0.0,0.0
13:19:22,28.0,74.0,0.0,0.0
13:19:22,28.0,74.0,0.0,0.0
13:19:23,28.0,74.0,0.0,0.0
13:19:23,28.0,74.0,0.0,0.0
13:19:24,28.0,74.0,0.0,0.0
13:19:25,28.0,74.0,0.0,0.0
13:19:25,28.0,74.0,0.0,0.0
13:19:26,28.0,74.0,0.0,0.0
13:19:27,28.0,74.0,0.0,0.0
13:19:27,28.0,74.0,0.0,0.0
13:19:28,28.0,74.0,0.0,0.0
13:19:28,28.0,74.0,0.0,0.0
13:19:29,28.0,74.0,0.0,0.0
13:19:30,28.0,73.0,0.0,0.0
13:19:30,28.0,73.0,0.0,0.0
13:19:31,28.0,73.0,0.0,0.0
13:19:31,28.0,73.0,0.0,0.0
13:19:32,28.0,73.0,0.0,0.0
13:19:33,28.0,73.0,0.0,0.0
13:19:33,28.0,73.0,0.0,0.0
13:19:34,28.0,73.0,0.0,0.0
13:19:35,28.0,72.0,0.0,0.0
13:19:35,28.0,72.0,0.0,0.0
13:19:36,28.0,72.0,0.0,0.0
13:19:36,28.0,72.0,0.0,0.0
13:19:37,28.0,71.0,0.0,0.0
13:19:38,28.0,71.0,0.0,0.0
13:19:38,28.0,71.0,0.0,0.0
13:19:39,28.0,71.0,0.0,0.0
13:19:39,28.0,70.0,0.0,0.0
13:19:40,28.0,70.0,0.0,0.0
13:19:41,28.0,70.0,0.0,0.0
13:19:41,28.0,70.0,0.0,0.0
13:19:42,28.0,69.0,0.0,0.0
13:19:43,28.0,69.0,0.0,0.0
13:19:43,28.0,69.0,0.0,0.0
13:19:44,28.0,69.0,0.0,0.0
13:19:44,28.0,69.0,0.0,0.0
13:19:45,28.0,69.0,0.0,0.0
13:19:46,28.0,68.0,0.0,0.0
13:19:46,28.0,68.0,0.0,0.0
13:19:47,28.0,68.0,0.0,0.0
13:19:48,28.0,68.0,0.0,0.0
13:19:48,28.0,68.0,0.0,0.0
13:19:49,28.0,68.0,0.0,0.0
13:19:49,28.0,68.0,0.0,0.0
13:19:50,28.0,68.0,0.0,0.0
13:19:51,29.0,68.0,0.0,0.0
13:19:51,29.0,68.0,0.0,0.0
13:19:52,29.0,68.0,0.0,0.0
13:19:53,29.0,68.0,0.0,0.0
13:19:53,29.0,68.0,0.0,0.0
13:19:54,29.0,68.0,0.0,0.0
13:19:54,29.0,68.0,0.0,0.0
13:19:55,29.0,68.0,0.0,0.0
13:19:56,29.0,68.0,0.0,0.0
13:19:56,29.0,68.0,0.0,0.0
13:19:57,29.0,67.0,0.0,0.0
13:19:58,29.0,67.0,0.0,0.0
13:19:58,29.0,67.0,0.0,0.0
13:19:59,29.0,67.0,0.0,0.0
13:19:59,29.0,67.0,0.0,0.0
13:20:00,29.0,67.0,0.0,0.0
13:20:01,29.0,67.0,0.0,0.0
13:20:01,29.0,67.0,0.0,0.0
13:20:02,29.0,66.0,0.0,0.0
13:20:02,29.0,66.0,0.0,0.0
13:20:03,29.0,66.0,0.0,0.0
13:20:04,29.0,66.0,0.0,0.0
13:20:04,29.0,66.0,0.0,0.0
13:20:05,29.0,66.0,0.0,0.0
13:20:06,29.0,66.0,0.0,0.0
13:20:06,29.0,66.0,0.0,0.0
13:20:07,29.0,66.0,0.0,0.0
13:20:07,29.0,66.0,0.0,0.0
13:20:08,29.0,66.0,0.0,0.0
13:20:09,29.0,66.0,0.0,0.0
13:20:09,29.0,66.0,0.0,0.0
13:20:10,29.0,65.0,0.0,0.0
13:20:11,29.0,65.0,0.0,0.0
13:20:11,30.0,65.0,0.0,0.0
13:20:12,30.0,65.0,0.0,0.0
13:20:12,29.0,65.0,0.0,0.0
13:20:13,29.0,65.0,0.0,0.0
13:20:14,30.0,65.0,0.0,0.0
13:20:14,30.0,65.0,0.0,0.0
13:20:15,30.0,65.0,0.0,0.0
13:20:16,30.0,65.0,0.0,0.0
13:20:16,30.0,65.0,0.0,0.0
13:20:17,30.0,65.0,0.0,0.0
13:20:17,30.0,65.0,0.0,0.0
13:20:18,30.0,65.0,0.0,0.0
13:20:19,30.0,65.0,0.0,0.0
13:20:19,30.0,65.0,0.0,0.0
13:20:20,30.0,65.0,0.0,0.0
13:20:21,30.0,65.0,0.0,0.0
13:20:21,30.0,65.0,0.0,0.0
13:20:22,30.0,65.0,0.0,0.0
13:20:22,30.0,65.0,0.0,0.0
13:20:23,30.0,65.0,0.0,0.0
13:20:24,30.0,65.0,0.0,0.0
13:20:24,30.0,65.0,0.0,0.0
13:20:25,30.0,65.0,0.0,0.0
13:20:26,30.0,65.0,0.0,0.0
13:20:26,30.0,65.0,0.0,0.0
13:20:27,30.0,65.0,0.0,0.0
13:20:27,30.0,65.0,0.0,0.0
13:20:28,30.0,65.0,0.0,0.0
13:20:29,30.0,65.0,0.0,0.0
13:20:29,30.0,65.0,0.0,0.0
13:20:30,30.0,65.0,0.0,0.0
13:20:31,30.0,65.0,0.0,0.0
13:20:31,30.0,65.0,0.0,0.0
13:20:32,30.0,65.0,0.0,0.0
13:20:32,30.0,65.0,0.0,0.0
13:20:33,30.0,65.0,0.0,0.0
13:20:34,30.0,64.0,0.0,0.0
13:20:34,30.0,64.0,0.0,0.0
13:20:35,30.0,65.0,0.0,0.0
13:20:35,30.0,65.0,0.0,0.0
13:20:36,30.0,64.0,0.0,0.0
13:20:37,30.0,64.0,0.0,0.0
13:20:37,30.0,64.0,0.0,0.0
13:20:38,30.0,64.0,0.0,0.0
13:20:39,30.0,64.0,0.0,0.0
13:20:39,30.0,64.0,0.0,0.0
13:20:40,30.0,64.0,0.0,0.0
13:20:40,30.0,64.0,0.0,0.0
13:20:41,30.0,64.0,0.0,0.0
13:20:42,30.0,64.0,0.0,0.0
13:20:42,30.0,64.0,0.0,0.0
13:20:43,30.0,64.0,0.0,0.0
13:20:44,30.0,64.0,0.0,0.0
13:20:44,30.0,64.0,0.0,0.0
13:20:45,30.0,64.0,0.0,0.0
13:20:45,30.0,64.0,0.0,0.0
13:20:46,30.0,64.0,0.0,0.0
13:20:47,30.0,64.0,0.0,0.0
13:20:47,30.0,64.0,0.0,0.0
13:20:48,30.0,64.0,0.0,0.0
13:20:49,30.0,64.0,0.0,0.0
13:20:49,30.0,64.0,0.0,0.0
13:20:50,30.0,64.0,0.0,0.0
13:20:50,30.0,64.0,0.0,0.0
13:20:51,30.0,63.0,0.0,0.0
13:20:52,30.0,63.0,0.0,0.0
13:20:52,30.0,63.0,0.0,0.0
13:20:53,30.0,63.0,0.0,0.0
13:20:53,30.0,63.0,0.0,0.0
13:20:54,30.0,63.0,0.0,0.0
13:20:55,30.0,63.0,0.0,0.0
13:20:55,30.0,63.0,0.0,0.0
13:20:56,30.0,63.0,0.0,0.0
13:20:57,30.0,63.0,0.0,0.0
13:20:57,30.0,63.0,0.0,0.0
13:20:58,30.0,63.0,0.0,0.0
13:20:58,30.0,63.0,0.0,0.0
13:20:59,30.0,63.0,0.0,0.0
13:21:00,30.0,63.0,0.0,0.0
13:21:00,30.0,63.0,0.0,0.0
13:21:01,30.0,63.0,0.0,0.0
13:21:02,30.0,63.0,0.0,0.0
13:21:02,30.0,63.0,0.0,0.0
13:21:03,30.0,63.0,0.0,0.0
13:21:03,30.0,63.0,0.0,0.0
13:21:04,30.0,63.0,0.0,0.0
13:21:05,30.0,63.0,0.0,0.0
13:21:05,30.0,63.0,0.0,0.0
13:21:06,30.0,62.0,0.0,0.0
13:21:07,30.0,62.0,0.0,0.0
13:21:07,30.0,63.0,0.0,0.0
13:21:08,30.0,63.0,0.0,0.0
13:21:08,30.0,62.0,0.0,0.0
13:21:09,30.0,62.0,0.0,0.0
13:21:10,30.0,62.0,0.0,0.0
13:21:10,30.0,62.0,0.0,0.0
13:21:11,30.0,63.0,0.0,0.0
13:21:11,30.0,63.0,0.0,0.0
13:21:12,30.0,62.0,0.0,0.0
13:21:13,30.0,62.0,0.0,0.0
13:21:13,30.0,62.0,0.0,0.0
13:21:14,30.0,62.0,0.0,0.0
13:21:15,30.0,62.0,0.0,0.0
13:21:15,30.0,62.0,0.0,0.0
13:21:16,30.0,62.0,0.0,0.0
13:21:16,30.0,62.0,0.0,0.0
13:21:17,30.0,62.0,0.0,0.0
13:21:18,30.0,62.0,0.0,0.0
13:21:18,30.0,63.0,0.0,0.0
13:21:19,30.0,63.0,0.0,0.0
13:21:20,30.0,63.0,0.0,0.0
13:21:20,30.0,63.0,0.0,0.0
13:21:21,30.0,63.0,0.0,0.0
13:21:21,30.0,63.0,0.0,0.0
13:21:22,30.0,63.0,0.0,0.0
13:21:23,30.0,63.0,0.0,0.0
13:21:23,30.0,63.0,0.0,0.0
13:21:24,30.0,63.0,0.0,0.0
13:21:25,30.0,63.0,0.0,0.0
13:21:25,30.0,63.0,0.0,0.0
13:21:26,30.0,63.0,0.0,0.0
13:21:26,30.0,63.0,0.0,0.0
13:21:27,30.0,63.0,0.0,0.0
13:21:28,30.0,63.0,0.0,0.0
13:21:28,30.0,64.0,0.0,0.0
13:21:29,30.0,64.0,0.0,0.0
13:21:30,31.0,65.0,0.0,0.0
13:21:30,31.0,65.0,0.0,0.0
13:21:31,30.0,64.0,0.0,0.0
13:21:31,30.0,64.0,0.0,0.0
13:21:32,30.0,64.0,0.0,0.0
13:21:33,30.0,64.0,0.0,0.0
13:21:33,30.0,64.0,0.0,0.0
13:21:34,30.0,64.0,0.0,0.0
13:21:34,30.0,64.0,0.0,0.0
13:21:35,30.0,64.0,0.0,0.0
13:21:36,30.0,64.0,0.0,0.0
13:21:36,30.0,64.0,0.0,0.0
13:21:37,30.0,64.0,0.0,0.0
13:21:38,30.0,64.0,0.0,0.0
13:21:38,30.0,65.0,0.0,0.0
13:21:39,30.0,65.0,0.0,0.0
13:21:39,30.0,65.0,0.0,0.0
13:21:40,30.0,65.0,0.0,0.0
13:21:41,30.0,65.0,93.0,85.0
13:21:41,30.0,65.0,95.0,85.0
13:21:42,30.0,65.0,170.0,85.0
13:21:43,30.0,65.0,149.0,111.0
13:21:43,30.0,65.0,149.0,85.0
13:21:44,30.0,65.0,149.0,171.0
13:21:44,30.0,65.0,147.0,85.0
13:21:45,30.0,65.0,245.0,173.0
13:21:45,30.0,66.0,245.0,42.0
13:21:46,30.0,66.0,173.0,183.0
13:21:47,30.0,66.0,235.0,85.0
13:21:47,30.0,66.0,95.0,42.0
13:21:48,30.0,67.0,75.0,254.0
13:21:49,30.0,67.0,223.0,255.0
13:21:49,30.0,67.0,74.0,253.0
13:21:50,30.0,67.0,165.0,159.0
13:21:50,30.0,68.0,245.0,82.0
13:21:51,30.0,68.0,223.0,170.0
13:21:51,30.0,68.0,119.0,85.0
13:21:52,30.0,68.0,213.0,255.0
13:21:53,30.0,68.0,191.0,255.0
13:21:53,30.0,68.0,254.0,253.0
13:21:54,30.0,68.0,215.0,253.0
13:21:54,30.0,68.0,87.0,255.0
13:21:55,30.0,68.0,254.0,242.0
13:21:56,30.0,68.0,123.0,85.0
13:21:56,30.0,69.0,126.0,82.0
13:21:57,30.0,69.0,223.0,255.0
13:21:57,30.0,69.0,149.0,63.0
13:21:58,30.0,69.0,87.0,255.0
13:21:59,30.0,69.0,123.0,127.0
13:21:59,30.0,69.0,87.0,255.0
13:22:00,30.0,69.0,191.0,255.0
13:22:01,30.0,69.0,170.0,255.0
13:22:01,30.0,70.0,175.0,239.0
13:22:02,30.0,70.0,95.0,171.0
13:22:02,30.0,70.0,171.0,123.0
13:22:03,30.0,70.0,186.0,167.0
13:22:03,29.0,70.0,42.0,87.0
13:22:04,29.0,70.0,254.0,85.0
13:22:05,29.0,70.0,252.0,18.0
13:22:05,29.0,70.0,183.0,112.0
13:22:06,29.0,71.0,107.0,253.0
13:22:07,29.0,71.0,79.0,171.0
13:22:07,29.0,71.0,208.0,127.0
13:22:08,29.0,71.0,148.0,11.0
13:22:08,29.0,72.0,250.0,145.0
13:22:09,29.0,72.0,127.0,170.0
13:22:09,29.0,72.0,77.0,253.0
13:22:10,29.0,72.0,147.0,252.0
13:22:11,29.0,72.0,107.0,127.0
13:22:11,29.0,72.0,255.0,255.0
13:22:12,29.0,72.0,91.0,186.0
13:22:13,29.0,72.0,87.0,223.0
13:22:13,29.0,73.0,95.0,239.0
13:22:14,29.0,73.0,175.0,93.0
13:22:14,29.0,73.0,175.0,183.0
13:22:15,29.0,73.0,171.0,191.0
13:22:15,29.0,73.0,150.0,42.0
13:22:16,29.0,73.0,255.0,84.0
13:22:17,29.0,74.0,42.0,190.0
13:22:17,29.0,74.0,117.0,215.0
13:22:18,29.0,74.0,86.0,111.0
13:22:18,29.0,74.0,85.0,83.0
13:22:19,28.0,73.0,117.0,191.0
13:22:20,28.0,73.0,251.0,255.0
13:22:20,28.0,74.0,181.0,127.0
13:22:21,28.0,74.0,82.0,191.0
13:22:21,28.0,74.0,246.0,170.0
13:22:22,28.0,74.0,170.0,218.0
13:22:23,28.0,75.0,170.0,175.0
13:22:23,28.0,75.0,213.0,87.0
13:22:24,28.0,75.0,183.0,255.0
13:22:25,28.0,75.0,149.0,255.0
13:22:25,28.0,75.0,213.0,191.0
13:22:26,28.0,75.0,141.0,175.0
13:22:26,28.0,76.0,165.0,95.0
13:22:27,28.0,76.0,85.0,85.0
13:22:27,28.0,76.0,165.0,213.0
13:22:28,28.0,76.0,18.0,170.0
13:22:29,28.0,77.0,237.0,107.0
13:22:29,28.0,77.0,210.0,174.0
13:22:30,28.0,77.0,246.0,178.0
13:22:31,28.0,77.0,250.0,171.0
13:22:31,28.0,77.0,234.0,86.0
13:22:32,28.0,77.0,210.0,71.0
13:22:32,28.0,77.0,85.0,74.0
13:22:33,28.0,77.0,127.0,69.0
13:22:33,28.0,77.0,87.0,250.0
13:22:34,28.0,77.0,170.0,191.0
13:22:35,28.0,77.0,252.0,83.0
13:22:35,28.0,77.0,255.0,161.0
13:22:36,28.0,77.0,239.0,85.0
13:22:37,28.0,77.0,85.0,191.0
13:22:37,28.0,78.0,179.0,203.0
13:22:38,28.0,78.0,85.0,189.0
13:22:38,28.0,78.0,210.0,170.0
13:22:39,28.0,78.0,250.0,21.0
13:22:39,27.0,77.0,255.0,85.0
13:22:40,27.0,77.0,165.0,217.0
13:22:41,27.0,78.0,186.0,159.0
13:22:41,27.0,78.0,228.0,217.0
13:22:42,27.0,78.0,165.0,170.0
13:22:42,27.0,78.0,229.0,37.0
13:22:43,27.0,78.0,151.0,70.0
13:22:44,27.0,78.0,242.0,178.0
13:22:44,27.0,79.0,166.0,59.0
13:22:45,27.0,79.0,250.0,21.0
13:22:45,27.0,79.0,126.0,80.0
13:22:46,27.0,79.0,255.0,85.0
13:22:47,27.0,79.0,126.0,162.0
13:22:47,27.0,79.0,255.0,71.0
13:22:48,27.0,79.0,85.0,141.0
13:22:48,27.0,79.0,237.0,173.0
13:22:49,27.0,79.0,83.0,221.0
13:22:50,27.0,79.0,23.0,223.0
13:22:50,27.0,79.0,250.0,70.0
13:22:51,27.0,79.0,171.0,165.0
13:22:51,27.0,80.0,234.0,107.0
13:22:52,27.0,80.0,234.0,213.0
13:22:53,27.0,80.0,234.0,171.0
13:22:53,27.0,80.0,210.0,149.0
13:22:54,27.0,80.0,87.0,170.0
13:22:54,27.0,80.0,127.0,255.0
13:22:55,27.0,80.0,181.0,255.0
13:22:56,27.0,80.0,165.0,159.0
13:22:56,27.0,80.0,224.0,105.0
13:22:57,27.0,80.0,233.0,82.0
13:22:57,27.0,80.0,255.0,36.0
13:22:58,27.0,80.0,171.0,111.0
13:22:59,27.0,80.0,84.0,175.0
13:22:59,27.0,80.0,190.0,71.0
13:23:00,27.0,81.0,245.0,53.0
13:23:00,27.0,81.0,212.0,213.0
13:23:01,27.0,81.0,87.0,171.0
13:23:02,27.0,81.0,109.0,127.0
13:23:02,27.0,81.0,160.0,191.0
13:23:03,27.0,81.0,191.0,169.0
13:23:03,26.0,81.0,173.0,255.0
13:23:04,26.0,81.0,170.0,191.0
13:23:05,26.0,81.0,151.0,149.0
13:23:05,26.0,81.0,242.0,186.0
13:23:06,26.0,81.0,245.0,82.0
13:23:06,26.0,81.0,170.0,180.0
13:23:07,26.0,81.0,169.0,170.0
13:23:08,26.0,81.0,251.0,90.0
13:23:08,26.0,81.0,187.0,84.0
13:23:09,26.0,81.0,171.0,255.0
13:23:09,26.0,81.0,149.0,119.0
13:23:10,26.0,81.0,250.0,171.0
13:23:11,26.0,82.0,255.0,85.0
13:23:11,26.0,82.0,255.0,169.0
13:23:12,26.0,82.0,85.0,125.0
13:23:12,26.0,82.0,170.0,95.0
13:23:13,26.0,82.0,146.0,95.0
13:23:14,26.0,82.0,248.0,106.0
13:23:14,26.0,82.0,233.0,117.0
13:23:15,26.0,82.0,191.0,82.0
13:23:15,26.0,82.0,223.0,223.0
13:23:16,26.0,82.0,169.0,143.0
13:23:16,26.0,82.0,171.0,86.0
13:23:17,26.0,82.0,85.0,215.0
13:23:18,26.0,82.0,3.0,117.0
13:23:18,26.0,82.0,218.0,213.0
13:23:19,26.0,82.0,170.0,75.0
13:23:20,26.0,82.0,171.0,174.0
13:23:20,26.0,83.0,254.0,85.0
13:23:21,26.0,83.0,255.0,177.0
13:23:21,26.0,83.0,169.0,251.0
13:23:22,26.0,83.0,149.0,175.0
13:23:22,26.0,83.0,235.0,94.0
13:23:23,26.0,83.0,127.0,137.0
13:23:24,26.0,84.0,170.0,190.0
13:23:24,26.0,84.0,170.0,167.0
13:23:25,26.0,84.0,46.0,42.0
13:23:26,26.0,84.0,218.0,106.0
13:23:26,26.0,84.0,171.0,84.0
13:23:27,26.0,84.0,109.0,254.0
13:23:27,26.0,84.0,23.0,255.0
13:23:28,26.0,84.0,109.0,215.0
13:23:28,26.0,84.0,250.0,84.0
13:23:29,26.0,84.0,191.0,170.0
13:23:30,26.0,84.0,107.0,83.0
13:23:30,26.0,84.0,171.0,170.0
13:23:31,26.0,84.0,182.0,215.0
13:23:32,26.0,84.0,147.0,107.0
13:23:32,26.0,85.0,247.0,45.0
13:23:33,26.0,85.0,255.0,170.0
13:23:33,26.0,85.0,215.0,87.0
13:23:34,26.0,85.0,191.0,255.0
13:23:34,25.0,84.0,149.0,125.0
13:23:35,25.0,84.0,67.0,87.0
13:23:36,26.0,85.0,106.0,171.0
13:23:36,26.0,85.0,247.0,66.0
13:23:37,25.0,84.0,191.0,254.0
13:23:37,25.0,84.0,254.0,42.0
13:23:38,25.0,84.0,250.0,73.0
13:23:39,25.0,84.0,159.0,161.0
13:23:39,25.0,84.0,101.0,85.0
13:23:40,25.0,84.0,86.0,149.0
13:23:40,25.0,84.0,90.0,87.0
13:23:41,25.0,84.0,85.0,93.0
13:23:42,25.0,85.0,214.0,87.0
13:23:42,25.0,85.0,107.0,111.0
13:23:43,25.0,85.0,171.0,87.0
13:23:43,25.0,85.0,171.0,126.0
